// grass
0 0 0 0 0
0 0 0 0 0
0 0 0 0 0
0 0 0 0 0
0 0 0 0 0
// street 1
0 1 2 1 0
0 1 2 1 0
0 1 2 1 0
0 1 2 1 0
0 1 2 1 0
// street 2
0 1 2 1 0
1 1 2 1 1
2 2 2 2 2
1 1 2 1 1
0 1 2 1 0
// street 3
0 0 0 0 0
1 1 1 1 1
2 2 2 2 2
1 1 1 1 1
0 0 0 0 0
// street 4
0 1 2 1 0
1 1 2 1 0
2 2 2 1 0
1 1 1 1 0
0 0 0 0 0
// street 5
0 1 2 1 0
0 1 2 1 1
0 1 2 2 2
0 1 1 1 1
0 0 0 0 0
// street 6
0 0 0 0 0
0 1 1 1 1
0 1 2 2 2
0 1 2 1 1
0 1 2 1 0
// street 7
0 0 0 0 0
1 1 1 1 0
2 2 2 1 0
1 1 2 1 0
0 1 2 1 0
// street 8
0 1 2 1 0
0 1 2 1 1
0 1 2 2 2
0 1 2 1 1
0 1 2 1 0
// street 9
0 1 2 1 0
1 1 2 1 0
2 2 2 1 0
1 1 2 1 0
0 1 2 1 0
// street 10
0 1 2 1 0
1 1 2 1 1
2 2 2 2 2
1 1 1 1 1
0 0 0 0 0
// street 11
0 0 0 0 0
1 1 1 1 1
2 2 2 2 2
1 1 2 1 1
0 1 2 1 0