select_color 223,215,204,255
add_cube -0.2,0.05,0,0.555,0.1,0.555
select_color 151,144,138,255
add_cube -0.2,0.2,0 0.4,0.2,0.4
select_color 223,215,204,255
add_cube -0.2,0.3,0,0.5,0.1,0.5
select_color 185,76,47,255
add_cylinder 0.35,0.3,0.2 0.1 0.05 0.6 8
add_cylinder 0.35,0.3,-0.2 0.1 0.05 0.6 8
select_color 52,89,144,255
add_cube 0.2,0.05,-0.2 0.3,0.05,0.05
add_cube 0.2,0.05,0.2 0.3,0.05,0.05
add_cube 0.2,0.3,-0.2 0.3,0.05,0.05
add_cube 0.2,0.3,0.2 0.3,0.05,0.05
select_color 151,144,138,255
add_face -0.5,0.0,0.5 0.5,0.0,0.5 0.5,0.0,-0.5 -0.5,0.0,-0.5
select_color 151,144,138,255
add_cube -0.2,0.45,0 0.4,0.2,0.4
select_color 223,215,204,255
add_cube -0.2,0.6,0,0.55,0.1,0.55